Level 0: Introduction

6 5 4
2   2   2   2   2   2
2	2	2	2	2	2
2	2	2	2	2	2
2	2	2	2	2	2
2	2	2	2	2	2
	
1	0	0	1	34	1	
34	0	0	0	0	0	
1	0	0	0	0	0	
0	0	0	0	1	1	
1	0	0	0	1	1
	
1	0	0	1	35	1	
4	0	0	0	0	0	
1	5	0	0	0	0	
7	0	0	0	0	34	
1	0	0	0	0	0
	
35	0	0	1	3	1	
0	0	0	0	0	0	
0	0	0	0	0	0	
0	0	0	0	0	0	
34	0	0	0	0	0

Level 1: Wrong order

6 6 3
0	0	0	0	0	0	
0	0	2	2	2	2	
0	2	0	0	2	0	
0	2	0	0	2	0	
0	2	2	2	2	0	
0	2	0	0	0	0
	
0	0	0	0	10	0	
0	1	1	1	1	17	
0	1	0	11	0	8	
0	1	10	15	0	8	
0	1	0	33	34	8	
0	16	9	9	9	0
	
0	10	10	10	10	0	
11	0	0	33	0	0	
11	0	0	0	0	0	
11	34	0	0	0	0	
11	0	0	0	0	0	
0	0	0	0	0	0

Level 2: Diving board
5 7 7
0	0	0	0	0	
0	2	2	2	0	
0	2	2	2	0	
0	2	2	2	0	
0	2	2	2	0	
0	2	2	2	0	
0	0	0	0	0
	
0	0	0	0	0	
0	19	1	17	0	
11	35	0	0	8	
11	0	0	0	8	
11	0	0	0	8	
11	35	0	0	8	
0	9	9	9	0
	
0	0	0	0	0	
0	0	1	0	0	
0	0	0	0	0	
0	0	0	0	0	
0	0	0	0	0	
0	0	0	0	0	
0	0	0	0	0
	
0	0	0	0	0	
0	0	1	0	0	
0	0	0	0	0	
0	0	0	0	0	
0	0	0	0	0	
0	0	0	0	0	
0	0	0	0	0
	
0	0	0	0	0	
0	0	1	0	0	
0	0	0	0	0	
0	0	0	0	0	
0	0	0	0	0	
0	0	0	0	0	
0	0	0	0	0
	
0	0	0	0	0	
0	0	1	0	0	
0	0	4	0	0	
0	0	3	0	0	
0	0	0	0	0	
0	0	0	0	0	
0	0	0	0	0
	
0	0	10	0	0	
0	11	35	8	0	
0	11	0	8	0	
0	11	0	8	0	
0	0	0	0	0	
0	0	0	0	0	
0	0	0	0	0

Level 11: Figure eight
7 7 2

0	0	0	0	0	0   0
0	0	0	2	2	2   0
0	0	0	2	2	2   0
0	2	2	2	2	2   0
0	2	2	2	0	0   0
0	2	2	2	0	0   0
0	0	0	0	0	0   0

0	0	0	10	10	10   0
0	0	11	0	0	0   8
0	10	15	0	1	34  8
11	0	0	0	34	35  8
11	0	1	35	13	9   0
11	0	35	34	8	0   0
0	9	9	9	0	0   0

Level 3: Diving boards
7 7 7
0	0	0	0	0	0	0
0	2	2	2	2	2	0	
0	2	0	0	0	2	0	
0	2	0	0	0	2	0	
0	2	0	0	0	2	0	
0	2	2	2	2	2	0	
0	0	0	0	0	0	0
	
0	0	0	10	10	10	0	
0	1	17	0	0	0	8	
0	16	0	9	14	36	8	
11	0	8	0	11	0	8	
11	0	12	10	15	0	8	
11	0	0	35	0	0	8	
0	9	9	9	9	9	0
	
0	0	0	0	0	0	0	
0	1	0	0	0	0	0	
0	0	0	0	0	0	0	
0	0	0	0	0	0	0	
0	0	0	0	0	0	0	
0	0	0	0	0	0	0	
0	0	0	0	0	0	0
	
0	0	0	0	0	0	0	
0	1	0	0	0	0	0	
0	0	0	0	0	0	0	
0	0	0	0	0	0	0	
0	0	0	0	0	0	0	
0	0	0	0	0	0	0	
0	0	0	0	0	0	0
	
0	0	0	0	0	0	0	
0	1	0	0	0	0	0	
0	0	0	0	0	0	0	
0	0	0	0	0	0	0	
0	0	0	0	0	0	0	
0	0	0	0	0	0	0	
0	0	0	0	0	0	0
	
0	0	0	0	0	0	0	
0	1	5	3	0	0	0	
0	4	0	0	0	0	0	
0	3	0	0	0	0	0	
0	0	0	0	0	0	0	
0	0	0	0	0	0	0	
0	0	0	0	0	0	0
	
0	10	10	10	0	0	0	
11	35	36	0	0	0	0	
11	36	13	9	0	0	0	
11	0	8	0	0	0	0	
0	0	0	0	0	0	0	
0	0	0	0	0	0	0	
0	0	0	0	0	0	0

Level 4: Not the same
7 7 7
0	0	0	0	0	0	0	
0	2	2	2	2	2	0	
0	2	0	0	0	2	0	
0	2	0	0	0	2	0	
0	2	0	0	0	2	0	
0	2	2	2	2	2	0	
0	0	0	0	0	0	0
	
0	0	0	0	10	10	0	
0	1	1	17	0	36	8	
0	1	0	0	14	0	8	
0	16	0	0	11	0	8	
11	0	12	10	15	0	8	
11	0	0	35	0	0	8	
0	9	9	9	9	9	0
	
0	0	0	0	0	0	0	
0	1	17	0	0	0	0	
0	16	0	0	0	0	0	
0	0	0	0	0	0	0	
0	0	0	0	0	0	0	
0	0	0	0	0	0	0	
0	0	0	0	0	0	0
	
0	0	0	0	0	0	0	
0	1	0	0	0	0	0	
0	0	0	0	0	0	0	
0	0	0	0	0	0	0	
0	0	0	0	0	0	0	
0	0	0	0	0	0	0	
0	0	0	0	0	0	0
	
0	0	0	0	0	0	0	
0	1	0	0	0	0	0	
0	0	0	0	0	0	0	
0	0	0	0	0	0	0	
0	0	0	0	0	0	0	
0	0	0	0	0	0	0	
0	0	0	0	0	0	0
	
0	0	0	0	0	0	0	
0	1	5	3	0	0	0	
0	4	0	0	0	0	0	
0	3	0	0	0	0	0	
0	0	0	0	0	0	0	
0	0	0	0	0	0	0	
0	0	0	0	0	0	0
	
0	10	10	10	0	0	0	
11	35	36	0	0	0	0	
11	36	13	9	0	0	0	
11	0	8	0	0	0	0	
0	0	0	0	0	0	0	
0	0	0	0	0	0	0	
0	0	0	0	0	0	0

Level 5: Into The Pit
8 7 3
0    0    0    0    0    0    0    0   
0    0    0    0    0    0    2    0   
0    0    2    2    2    2    2    0   
0    2    2    2    2    2    2    0   
0    2    2    2    2    2    2    0   
0    2    2    2    2    2    2    0   
0    0    0    0    0    0    0    0   
   
0    0    0    0    0    0    0    0   
0    1    1    1    1    1    1    0   
0    1    37    38    0    35    1    0   
0    1    38    36    35    37    1    0   
0    1    37    38    36    35    1    0   
0    1    1    1    1    1    1    0   
0    0    0    0    0    0    0    0   

0    10    10    10    10    10    10    0   
11    0    0    0    0    0    0    8   
11    36    0    0    0    0    0    8   
11    0    0    0    0    0    0    8   
11    0    0    0    0    0    0    8   
11    0    0    0    0    0    0    8   
0    9    9    9    9    9    9    0    

Level 6: Flyby
6 6 7
0	0	0	0	0	0	
0	0	0	0	2	0	
0	0	0	0	2	0	
0	0	0	0	2	0	
0	2	2	2	2	0	
0	0	0	0	0	0
	
0	0	0	0	0	0	
0	0	0	0	1	0	
0	0	0	0	1	0	
0	0	10	10	16	0	
0	1	37	0	0	8	
0	0	9	9	9	0
	
0	0	0	0	0	0	
0	0	0	0	1	0	
0	0	0	0	16	0	
0	0	0	0	0	0	
0	1	5	3	0	0	
0	0	0	0	0	0
	
0	0	0	0	0	0	
0	0	0	0	1	0	
0	0	0	0	4	0	
0	0	0	10	3	0	
0	1	1	0	0	0	
0	0	0	9	0	0
	
0	0	0	0	0	0	
0	0	0	0	1	0	
0	0	0	11	38	8	
0	0	10	11	0	8	
0	1	38	0	0	0	
0	0	9	0	0	0
	
0	0	0	0	0	0	
0	0	0	0	1	0	
0	0	0	0	4	0	
0	10	0	0	3	0	
11	37	0	0	0	0	
0	9	0	0	0	0
	
0	0	0	0	10	0	
0	0	0	11	38	8	
0	0	0	11	0	8	
0	0	0	11	0	8	
0	0	0	0	0	0	
0	0	0	0	0	0

Level 6: Stacked Odds
6 6 8
0	0	0	0	0	0	
0	0	0	0	2	0	
0	0	0	0	2	0	
0	0	0	0	2	0	
0	2	2	2	2	0	
0	0	0	0	0	0
	
0	0	0	0	0	0	
0	0	0	0	1	0	
0	0	0	0	1	0	
0	0	10	10	16	0	
0	1	37	0	0	8	
0	0	9	9	9	0
	
0	0	0	0	0	0	
0	0	0	0	1	0	
0	0	0	0	16	0	
0	0	0	0	0	0	
0	1	5	3	0	0	
0	0	0	0	0	0
	
0	0	0	0	0	0	
0	0	0	0	1	0	
0	0	0	0	4	0	
0	0	0	10	3	0	
0	1	1	37	0	0	
0	0	0	9	0	0
	
0	0	0	0	0	0	
0	0	0	0	1	0	
0	0	0	11	0	8	
0	0	10	11	0	8	
0	1	37	0	0	0	
0	0	9	0	0	0
	
0	0	0	0	0	0	
0	0	0	0	1	0	
0	0	0	0	4	0	
0	10	0	0	3	0	
11	38	0	0	0	0	
0	9	0	0	0	0
	
0	0	0	0	10	0	
0	0	0	11	37	8	
0	0	0	11	38	8	
0	0	0	11	0	8	
0	0	0	0	0	0	
0	0	0	0	0	0

0	0	0	0	0	0	
0	0	0	0	38	0	
0	0	0	0	0	0	
0	0	0	0	0	0	
0	0	0	0	0	0	
0	0	0	0	0	0

Level 7: 2 x 3
6 5 7
0	0	0	0	0	0	
0	0	2	2	2	0	
0	2	2	2	0	0	
0	2	2	2	0	0	
0	2	2	2	0	0
	

0	0	0	0	0	0	
0	0	19	1	17	0	
0	18	0	36	0	0	
0	1	36	0	0	0	
0	16	0	33	0	0
	

0	0	0	0	0	0	
0	0	0	1	0	0	
0	0	0	0	0	0	
0	1	0	0	0	0	
0	0	0	0	0	0
	

0	0	0	0	0	0	
0	0	0	1	0	0	
0	0	0	0	0	0	
0	1	5	0	0	0	
0	0	0	0	0	0
	

0	0	0	0	0	0	
0	0	0	1	0	0	
0	10	10	0	0	0	
11	33	0	0	0	0	
0	9	9	0	0	0
	

0	0	0	0	0	0	
0	0	0	1	5	0	
0	0	0	4	0	0	
0	0	0	0	0	0	
0	0	0	0	0	0
	

0	0	0	10	10	0	
0	0	11	33	36	8	
0	0	11	0	13	0	
0	0	0	0	0	0	
0	0	0	0	0	0

Level 7: Potholes
10 10 5
0	0	0	0	0	0	0	0	0	0	
0	2	2	2	0	0	2	0	2	0	
0	2	2	2	0	0	2	0	2	0	
0	2	2	2	0	0	2	2	2	0	
0	0	0	0	0	0	0	2	0	0	
0	0	0	0	0	0	0	2	0	0	
0	2	2	2	0	0	0	2	0	0	
0	2	0	2	2	2	2	2	0	0	
0	2	2	2	0	0	0	0	0	0	
0	0	0	0	0	0	0	0	0	0
	

0	0	0	0	0	0	0	0	0	0	
0	0	18	0	0	0	0	18	0	0	
0	19	1	17	0	0	19	1	17	0	
0	0	16	0	0	0	0	16	0	0	
0	0	0	0	0	0	0	0	0	0	
0	0	0	0	0	0	0	0	0	0	
0	0	18	0	0	0	0	0	0	0	
0	19	1	17	0	0	0	36	0	0	
0	0	16	0	0	0	0	0	0	0	
0	0	0	0	0	0	0	0	0	0
	

0	0	0	0	0	0	0	0	0	0	
0	0	0	0	0	0	0	0	0	0	
0	0	1	0	0	0	0	1	0	0	
0	0	0	0	0	0	0	0	0	0	
0	0	0	0	0	0	0	0	0	0	
0	0	0	0	0	0	0	0	0	0	
0	0	0	0	0	0	0	0	0	0	
0	0	1	0	0	0	0	0	0	0	
0	0	0	0	0	0	0	0	0	0	
0	0	0	0	0	0	0	0	0	0
	

0	0	0	0	0	0	0	0	0	0	
0	0	7	0	0	0	0	7	0	0	
0	6	38	5	3	3	6	38	5	0	
0	0	4	0	0	0	0	4	0	0	
0	0	3	0	0	0	0	0	0	0	
0	0	3	0	0	0	0	0	0	0	
0	0	7	0	0	0	0	0	0	0	
0	6	37	5	0	0	0	0	0	0	
0	0	4	0	0	0	0	0	0	0	
0	0	0	0	0	0	0	0	0	0
	

0	0	10	0	0	0	0	10	0	0	
0	15	38	12	10	10	15	37	12	0	
11	36	0	0	38	37	0	0	36	8	
0	14	37	13	9	9	14	0	13	0	
0	11	38	8	0	0	0	0	0	0	
0	11	0	8	0	0	0	0	0	0	
0	15	0	12	0	0	0	0	0	0	
11	38	0	0	0	0	0	0	0	0	
0	14	0	13	0	0	0	0	0	0	
0	0	9	0	0	0	0	0	0	0

Level 8: Roman Arches
9 9 8
0	0	0	0	0	0	0	0	0	
0	0	0	0	0	0	0	2	0	
0	0	0	0	0	0	0	2	0	
0	0	0	0	0	2	2	2	0	
0	0	0	0	0	2	0	0	0	
0	0	0	2	2	2	0	0	0	
0	0	0	2	0	0	0	0	0	
0	2	2	2	0	0	0	0	0	
0	0	0	0	0	0	0	0	0
	

0	0	0	0	0	0	0	0	0	
0	0	0	0	0	0	0	1	0	
0	0	0	0	0	0	15	0	8	
0	0	0	0	0	1	0	0	8	
0	0	0	0	15	37	13	9	0	
0	0	0	1	37	0	8	0	0	
0	0	15	0	13	9	0	0	0	
0	1	38	0	8	0	0	0	0	
0	0	9	9	0	0	0	0	0
	

0	0	0	0	0	0	0	0	0	
0	0	0	0	0	3	6	1	0	
0	0	0	0	0	7	0	0	0	
0	0	0	3	6	1	0	0	0	
0	0	0	7	0	36	0	0	0	
0	3	6	1	36	0	0	0	0	
0	7	0	0	0	0	0	0	0	
0	1	0	0	0	0	0	0	0	
0	0	0	0	0	0	0	0	0
	

0	0	0	0	0	0	10	10	0	
0	0	0	0	0	1	0	38	8	
0	0	0	0	15	0	13	0	0	
0	0	0	1	35	0	0	0	0	
0	0	15	0	13	0	0	0	0	
0	1	34	33	0	0	0	0	0	
11	0	13	0	0	0	0	0	0	
11	0	0	0	0	0	0	0	0	
0	9	0	0	0	0	0	0	0
	

0	0	0	0	0	0	0	0	0	
0	0	0	3	6	1	0	0	0	
0	0	0	7	0	0	0	0	0	
0	3	6	1	0	0	0	0	0	
0	7	0	0	0	0	0	0	0	
0	1	0	0	0	0	0	0	0	
0	0	0	0	0	0	0	0	0	
0	0	0	0	0	0	0	0	0	
0	0	0	0	0	0	0	0	0
	
0	0	0	0	10	10	0	0	0	
0	0	0	1	35	38	0	0	0	
0	0	15	0	13	0	0	0	0	
0	1	36	0	0	0	0	0	0	
11	33	13	0	0	0	0	0	0	
11	38	0	0	0	0	0	0	0	
0	0	0	0	0	0	0	0	0	
0	0	0	0	0	0	0	0	0	
0	0	0	0	0	0	0	0	0
	
0	0	0	0	0	0	0	0	0	
0	3	6	1	0	0	0	0	0	
0	7	0	0	0	0	0	0	0	
0	1	0	0	0	0	0	0	0	
0	0	0	0	0	0	0	0	0	
0	0	0	0	0	0	0	0	0	
0	0	0	0	0	0	0	0	0	
0	0	0	0	0	0	0	0	0	
0	0	0	0	0	0	0	0	0
	
0	10	10	10	0	0	0	0	0	
11	0	33	34	0	0	0	0	0	
11	37	13	0	0	0	0	0	0	
11	34	0	0	0	0	0	0	0	
0	0	0	0	0	0	0	0	0	
0	0	0	0	0	0	0	0	0	
0	0	0	0	0	0	0	0	0	
0	0	0	0	0	0	0	0	0	
0	0	0	0	0	0	0	0	0

Level 9: Pillars
8 8 8
0	0	0	2	2	0	0	0	
0	0	0	2	2	2	2	0	
0	0	0	0	2	0	2	0	
0	2	0	0	0	0	2	0	
2	2	2	0	0	0	1	5	
0	2	0	0	0	0	2	0	
0	2	2	2	1	2	2	0	
0	0	0	0	4	0	0	0
	
0	0	0	18	18	10	10	0	
0	0	0	1	36	0	33	8	
0	0	0	0	16	14	0	8	
19	1	0	0	0	11	34	8	
19	37	17	0	0	11	0	0	
11	0	12	10	10	15	33	8	
11	34	0	33	0	34	0	8	
0	9	9	9	0	9	9	0
	
0	0	0	0	10	0	0	0	
0	0	0	1	38	0	0	0	
0	0	0	0	9	0	0	0	
0	1	0	0	0	0	0	0	
11	36	8	0	0	0	0	0	
0	0	0	0	0	0	0	0	
0	0	0	0	0	0	0	0	
0	0	0	0	0	0	0	0
	
0	0	0	0	0	0	0	0	
0	0	0	1	37	0	0	0	
0	0	0	0	0	0	0	0	
0	1	0	0	0	0	0	0	
0	35	0	0	0	0	0	0	
0	0	0	0	0	0	0	0	
0	0	0	0	0	0	0	0	
0	0	0	0	0	0	0	0
	
0	0	0	0	0	0	0	0	
0	0	0	1	38	0	0	0	
0	0	0	0	0	0	0	0	
0	1	0	0	0	0	0	0	
0	37	0	0	0	0	0	0	
0	0	0	0	0	0	0	0	
0	0	0	0	0	0	0	0	
0	0	0	0	0	0	0	0
	
0	0	0	0	0	0	0	0	
0	0	0	1	1	0	0	0	
0	0	0	0	0	0	0	0	
0	1	0	0	0	0	0	0	
0	35	0	0	0	0	0	0	
0	0	0	0	0	0	0	0	
0	0	0	0	0	0	0	0	
0	0	0	0	0	0	0	0
	
0	0	0	0	0	0	0	0	
0	0	0	0	0	0	0	0	
0	7	0	0	0	0	0	0	
0	1	0	0	0	0	0	0	
0	37	0	0	0	0	0	0	
0	0	0	0	0	0	0	0	
0	0	0	0	0	0	0	0	
0	0	0	0	0	0	0	0
	
0	0	0	0	0	0	0	0	
0	10	0	0	0	0	0	0	
11	38	8	0	0	0	0	0	
11	35	8	0	0	0	0	0	
0	36	0	0	0	0	0	0	
0	0	0	0	0	0	0	0	
0	0	0	0	0	0	0	0	
0	0	0	0	0	0	0	0

Level 10: Procession
7 6 3
0	0	0	0	0	0   0
0	0	0	0	0	0   0
0	0	0	1	0	0   0
0	0	0	0	0	0   0
0	0	0	0	0	0   0
0	0	0	0	0	0   0

0	0	0	0	0	0   0
0	2	2	2	2	2   0
0	2	2	33	2	2   0
0	2	2	2	2	2   0
0	0	0	0	0	0   0
0	0	0	0	0	0   0

0	10	10	10	10	10   0
11	34	36	33	34	33  8
11	36	1	0	1	34  8
11	35	36	35	0	35  8
0	9	9	9	9	9   0
0	0	0	0	0	0   0

Level 12: Figure eight
7 7 2

0	0	0	0	0	0   0
0	0	0	2	2	2   0
0	0	0	2	2	2   0
0	2	2	2	2	2   0
0	2	2	2	0	0   0
0	2	2	2	0	0   0
0	0	0	0	0	0   0

0	0	0	10	10	10   0
0	0	11	33	34	36  8
0	10	15	34	1	34  8
11	37	33	35	37	35  8
11	35	1	33	13	9   0
11	0	37	36	8	0   0
0	9	9	9	0	0   0

Level 2: Diving board
5 7 7
0	0	0	0	0	
0	2	2	2	0	
0	2	2	2	0	
0	2	2	2	0	
0	2	2	2	0	
0	2	2	2	0	
0	0	0	0	0
	
0	0	0	0	0	
0	19	1	17	0	
11	35	0	0	8	
11	0	0	0	8	
11	0	0	0	8	
11	35	0	0	8	
0	9	9	9	0
	
0	0	0	0	0	
0	0	1	0	0	
0	0	0	0	0	
0	0	0	0	0	
0	0	0	0	0	
0	0	0	0	0	
0	0	0	0	0
	
0	0	0	0	0	
0	0	1	0	0	
0	0	0	0	0	
0	0	0	0	0	
0	0	0	0	0	
0	0	0	0	0	
0	0	0	0	0
	
0	0	0	0	0	
0	0	1	0	0	
0	0	0	0	0	
0	0	0	0	0	
0	0	0	0	0	
0	0	0	0	0	
0	0	0	0	0
	
0	0	0	0	0	
0	0	1	0	0	
0	0	4	0	0	
0	0	3	0	0	
0	0	0	0	0	
0	0	0	0	0	
0	0	0	0	0
	
0	0	10	0	0	
0	11	35	8	0	
0	11	0	8	0	
0	11	0	8	0	
0	0	0	0	0	
0	0	0	0	0	
0	0	0	0	0
